SCORE: [0.7866326630760461, 0.6791895948129575, 0.5929157253443671, 0.5058476836545185]
0.5000 0.2500 0.1667 0.1250 0.1406 0.2933 0.0538 
0.5000 0.2500 0.1667 0.1250 0.1258 0.5000 0.0000 
0.6667 0.5915 0.3944 0.2958 0.2150 0.6256 0.0241 
0.7500 0.7286 0.6957 0.5218 0.3240 0.7500 0.0236 
0.7500 0.7286 0.6957 0.5218 0.3003 0.6536 0.1413 
0.4000 0.3581 0.2387 0.1791 0.1253 0.2954 0.0007 
0.8333 0.8249 0.8145 0.7706 0.3912 0.7394 0.2650 
1.0000 1.0000 1.0000 1.0000 1.0000 1.0000 0.2189 
1.0000 1.0000 1.0000 1.0000 1.0000 1.0000 2.9299 
1.0000 1.0000 1.0000 1.0000 1.0000 1.0000 0.2639 
1.0000 0.8873 0.8147 0.7516 0.3912 0.8133 0.7173 
0.2500 0.1250 0.0833 0.0625 0.0979 0.2179 0.0030 
1.0000 1.0000 0.9312 0.6985 0.2388 0.6667 0.1822 
0.7500 0.6250 0.4167 0.3125 0.3331 0.7500 0.5744 
0.5000 0.2500 0.1667 0.1250 0.0904 0.3861 0.0001 
0.8333 0.8249 0.8145 0.8008 0.4238 0.8333 0.8292 
0.6667 0.5915 0.5295 0.3972 0.3315 0.5571 0.0162 
1.0000 1.0000 1.0000 1.0000 0.3561 0.6932 1.0810 
1.0000 1.0000 1.0000 1.0000 1.0000 1.0000 1.7097 
0.5000 0.2500 0.1667 0.1250 0.2003 0.5000 0.0001 
0.5000 0.2500 0.1667 0.1250 0.1546 0.5000 0.0001 
0.6667 0.5915 0.5295 0.3972 0.3014 0.7135 0.1463 
0.8571 0.7559 0.6509 0.4882 0.3395 0.7801 0.1242 
1.0000 0.9330 0.8320 0.6240 0.4646 0.8944 0.1434 
0.5000 0.2500 0.1667 0.1250 0.1125 0.5000 0.0001 
0.7500 0.7286 0.6957 0.5218 0.3240 0.7500 0.0853 
0.7500 0.7286 0.6957 0.5218 0.2457 0.6536 0.0435 
0.6065 0.6065 0.4064 0.3049 0.1640 0.4040 0.0072 
0.7500 0.7286 0.6957 0.5218 0.2273 0.5791 0.0072 
1.0000 1.0000 1.0000 1.0000 1.0000 1.0000 0.2484 
0.5000 0.2500 0.1667 0.1250 0.0908 0.3861 0.0000 
1.0000 0.9330 0.8866 0.8417 0.4031 0.8000 2.9815 
1.0000 0.7887 0.5258 0.3943 0.2672 0.5865 0.2599 
1.0000 0.9082 0.8366 0.6275 0.2203 0.5791 0.0199 
0.6667 0.5159 0.3439 0.2580 0.2168 0.6667 0.0311 
0.5000 0.2500 0.1667 0.1250 0.1137 0.4357 0.0001 
1.0000 1.0000 1.0000 1.0000 1.0000 1.0000 4.6757 
1.0000 1.0000 0.6667 0.5000 0.3352 0.7722 0.8875 
1.0000 1.0000 1.0000 0.9759 0.4588 0.9242 3.3207 
1.0000 1.0000 1.0000 0.7500 0.4536 0.7500 1.8250 
0.8333 0.8249 0.8145 0.8008 0.4238 0.8333 0.8492 
1.0000 1.0000 1.0000 1.0000 1.0000 1.0000 1.1879 
0.6065 0.6065 0.4064 0.3049 0.2917 0.7722 0.2265 
0.8000 0.7873 0.7705 0.7450 0.3216 0.5908 0.0956 
0.6667 0.5915 0.5295 0.3972 0.2465 0.6667 0.0204 
0.8571 0.8511 0.8440 0.8353 0.4467 0.8571 1.0635 
0.8333 0.8249 0.8145 0.8008 0.4238 0.8333 0.8349 
1.0000 0.7887 0.5258 0.3943 0.8000 0.7500 0.1098 
1.0000 1.0000 0.9761 0.9309 0.3173 0.7667 0.7504 
0.8333 0.7702 0.7235 0.6769 0.3635 0.6667 0.3015 
0.8333 0.7702 0.7235 0.6769 0.3635 0.6667 0.3165 
0.8333 0.8249 0.8145 0.8008 0.4238 0.8333 0.5537 
0.7500 0.6250 0.4167 0.3125 0.2792 0.7500 0.5258 
0.6000 0.3000 0.2000 0.1500 0.2105 0.5236 0.0439 
1.0000 1.0000 1.0000 1.0000 1.0000 1.0000 3.3721 
0.8000 0.6236 0.4157 0.3118 0.2843 0.6000 0.0642 
0.2500 0.1250 0.0833 0.0625 0.1087 0.2179 0.0797 
0.5000 0.2500 0.1667 0.1250 0.0758 0.4357 0.0000 
0.6000 0.5739 0.5373 0.4030 0.3213 0.6000 1.0647 
0.6667 0.5159 0.3439 0.2580 0.2024 0.6256 0.6489 
0.7500 0.7286 0.6957 0.5218 0.3240 0.7500 0.0853 
1.0000 0.8873 0.8147 0.7516 0.3635 0.7262 0.2726 
0.5000 0.2500 0.1667 0.1250 0.0904 0.2179 0.0000 
0.7500 0.6250 0.4167 0.3125 0.2792 0.7500 0.2637 
0.8333 0.8249 0.7811 0.5858 0.2388 0.6667 0.2886 
1.0000 1.0000 1.0000 1.0000 1.0000 1.0000 1.4203 
0.7500 0.7286 0.6957 0.5218 0.2768 0.5791 0.0895 
1.0000 1.0000 1.0000 1.0000 0.4646 0.8944 0.9871 
1.0000 1.0000 1.0000 1.0000 1.0000 1.0000 3.3494 
0.6667 0.5915 0.5295 0.3972 0.2324 0.6256 0.0146 
0.6667 0.5159 0.3439 0.2580 0.2049 0.5000 0.0025 
0.8333 0.7053 0.6158 0.4619 0.3221 0.5865 0.5604 
1.0000 0.9472 0.8264 0.6198 0.4087 0.6667 0.4078 
0.7500 0.7286 0.6957 0.5218 0.2273 0.5791 0.0594 
0.8333 0.7702 0.7235 0.6769 0.3754 0.8333 0.5969 
1.0000 0.7887 0.5258 0.3943 0.2303 0.3861 0.0996 
1.0000 1.0000 1.0000 1.0000 1.0000 1.0000 1.8009 
0.7500 0.6250 0.4167 0.3125 0.2792 0.7500 0.1514 
0.7500 0.7286 0.6957 0.5218 0.3240 0.7500 0.0392 
0.2500 0.1250 0.0833 0.0625 0.1871 0.2933 0.0243 
0.6000 0.4936 0.3291 0.2468 0.1893 0.4535 0.7870 
1.0000 1.0000 1.0000 1.0000 1.0000 1.0000 1.7131 
0.8000 0.7162 0.4775 0.3581 0.3238 0.7697 0.9873 
0.7500 0.7286 0.6957 0.5218 0.5075 0.8798 1.2655 
1.0000 1.0000 1.0000 1.0000 1.0000 1.0000 0.7240 
0.6000 0.5739 0.5373 0.4030 0.2356 0.6000 0.0340 
1.0000 1.0000 1.0000 0.9759 0.9500 0.8333 0.7038 
0.7500 0.3750 0.2500 0.1875 0.1000 0.5000 0.0011 
0.8750 0.8705 0.8449 0.8009 0.4037 0.7332 0.5022 
1.0000 1.0000 1.0000 1.0000 1.0000 1.0000 2.2801 
0.7500 0.6250 0.4167 0.3125 0.2792 0.7500 0.1239 
0.8333 0.8249 0.8145 0.8008 0.4238 0.8333 1.2568 
1.0000 1.0000 1.0000 1.0000 0.9455 0.8944 0.9519 
0.8000 0.6236 0.4157 0.3118 0.1893 0.5367 0.0511 
0.8000 0.7162 0.6478 0.4859 0.3474 0.8000 0.8324 
0.6000 0.4936 0.3291 0.2468 0.3066 0.4535 0.0440 
0.8571 0.8511 0.8654 0.8789 0.4467 0.8571 0.8474 
0.7143 0.6560 0.6116 0.5673 0.2553 0.7349 0.0492 
0.5000 0.2500 0.1667 0.1250 0.1016 0.5000 0.0000 
1.0000 0.9082 0.8366 0.6275 0.3622 0.8714 0.3721 
0.5000 0.2500 0.1667 0.1250 0.1250 0.3861 0.0000 
0.7500 0.7286 0.6957 0.5218 0.3240 0.7500 0.0302 
0.7500 0.7286 0.6957 0.5218 0.3240 0.7500 0.1316 
0.2500 0.1250 0.0833 0.0625 0.1879 0.1572 0.0000 
1.0000 1.0000 1.0000 1.0000 1.0000 1.0000 0.2073 
1.0000 0.9082 0.6055 0.4541 0.3119 0.5596 0.3450 
0.6667 0.5915 0.5295 0.3972 0.3014 0.6224 0.0383 
1.0000 1.0000 0.9695 0.9039 0.4841 0.9104 0.6807 
1.0000 1.0000 1.0000 0.7579 1.0000 1.0000 2.0943 
1.0000 1.0000 1.0000 1.0000 1.0000 1.0000 2.9305 
0.2500 0.1250 0.0833 0.0625 0.1173 0.2933 0.0393 
1.0000 1.0000 1.0000 1.0000 1.0000 1.0000 2.9449 
0.5000 0.2500 0.1667 0.1250 0.1057 0.3861 0.0000 
0.8333 0.7702 0.7235 0.6769 0.3912 0.8333 2.2758 
0.7500 0.6250 0.4167 0.3125 0.2388 0.5000 0.0985 
0.3679 0.3679 0.2465 0.1850 0.2582 0.6289 0.0588 
0.7500 0.6250 0.4167 0.3125 0.2792 0.7500 0.6467 
1.0000 1.0000 1.0000 1.0000 1.0000 1.0000 0.2335 
0.7500 0.7286 0.6957 0.5218 0.7961 0.6536 0.5174 
1.0000 1.0000 0.6700 0.5027 0.2582 0.6289 0.1071 
1.0000 0.8873 0.8147 0.7516 0.3619 0.7394 0.3750 
1.0000 1.0000 1.0000 1.0000 1.0000 1.0000 0.2240 
1.0000 1.0000 1.0000 1.0000 1.0000 1.0000 3.7892 
0.8333 0.7702 0.5135 0.3851 0.3210 0.7587 1.2730 
1.0000 1.0000 0.9312 0.6985 0.3240 0.7500 0.4755 
0.6667 0.5915 0.5295 0.3972 0.2388 0.6667 0.0276 
1.0000 0.9330 0.8320 0.6240 0.3386 0.5367 0.0942 
1.0000 0.8536 0.5690 0.4268 0.8286 0.6667 0.7582 
1.0000 0.9082 0.8366 0.6275 0.2964 0.6985 0.1155 
0.8000 0.6236 0.4157 0.3118 0.1620 0.4431 0.0707 
1.0000 1.0000 1.0000 1.0000 0.4640 0.7722 0.3059 
1.0000 1.0000 1.0000 1.0000 1.0000 1.0000 0.3441 
0.5000 0.2500 0.1667 0.1250 0.0930 0.4150 0.0008 
0.7500 0.7286 0.6957 0.5218 0.3294 0.7500 2.5188 
1.0000 0.5000 0.3333 0.2500 0.1549 0.5000 0.0474 
1.0000 1.0000 1.0000 0.7579 1.0000 1.0000 0.3661 
0.7500 0.6250 0.4167 0.3125 0.1724 0.3861 0.1300 
0.7500 0.7286 0.6957 0.5218 0.2203 0.5791 0.0156 
0.7788 0.7788 0.7788 0.7788 0.4135 0.8714 0.2104 
0.6667 0.5915 0.5295 0.3972 0.3014 0.7135 0.0552 
0.2000 0.1000 0.0667 0.0500 0.0892 0.2268 0.0000 
0.5841 0.4868 0.3245 0.2434 0.1227 0.3861 0.0020 
0.3679 0.3679 0.2465 0.1850 0.1141 0.3262 0.0918 
0.7500 0.7286 0.6957 0.5218 0.3240 0.7500 1.8712 
1.0000 1.0000 1.0000 1.0000 1.0000 1.0000 3.0839 
0.7500 0.7286 0.6957 0.5218 0.2457 0.6536 0.0199 
1.0000 1.0000 1.0000 1.0000 1.0000 1.0000 3.9089 
1.0000 1.0000 1.0000 1.0000 1.0000 1.0000 4.2722 
0.7500 0.7286 0.6957 0.5218 0.3240 0.7500 0.1275 
1.0000 0.8536 0.5690 0.4268 0.2759 0.6667 0.0446 
1.0000 1.0000 1.0000 1.0000 0.3561 0.7722 1.6933 
0.3679 0.3679 0.2465 0.1850 0.1920 0.5304 0.0342 
0.5000 0.2500 0.1667 0.1250 0.2539 0.2933 0.0539 
1.0000 0.8873 0.7686 0.5765 0.4035 0.6667 1.2586 
0.7500 0.6250 0.4167 0.3125 0.2792 0.7500 0.0607 
0.4000 0.3581 0.2387 0.1791 0.1882 0.4535 0.0093 
0.6000 0.4936 0.3291 0.2468 0.1882 0.4535 0.0233 
1.0000 1.0000 1.0000 1.0000 0.3827 0.8356 1.2226 
1.0000 1.0000 1.0000 1.0000 1.0000 1.0000 1.7110 
0.5841 0.5674 0.5418 0.4064 0.2567 0.5199 0.0518 
0.5000 0.2500 0.1667 0.1250 0.0754 0.2179 0.0000 
0.8333 0.7702 0.6801 0.5101 0.3754 0.8333 0.0539 
0.3033 0.1516 0.1011 0.0758 0.0541 0.3144 0.0000 
0.7500 0.7286 0.6957 0.5218 0.2462 0.5791 0.0325 
0.2231 0.2231 0.1495 0.1122 0.1920 0.5304 0.1292 
0.8333 0.8249 0.8145 0.8008 0.4238 0.8333 0.5406 
0.8000 0.7873 0.7705 0.7450 0.5162 0.9071 0.7792 
0.5000 0.2500 0.1667 0.1250 0.0715 0.2500 0.0000 
0.5000 0.2500 0.1667 0.1250 0.1320 0.5000 0.0000 
1.0000 0.9564 0.9022 0.8253 0.4820 0.8592 2.0191 
0.7500 0.6250 0.4167 0.3125 0.2792 0.7500 0.8044 
0.3894 0.1947 0.1298 0.0974 0.1147 0.3861 0.0000 
0.8000 0.7162 0.6478 0.4859 0.3368 0.7697 1.3600 
0.7500 0.6250 0.4167 0.3125 0.2197 0.5199 0.1098 
0.6667 0.5915 0.5295 0.3972 0.3014 0.6224 0.0321 
0.7500 0.6250 0.4167 0.3125 0.2539 0.5865 0.0439 
0.7500 0.7286 0.6957 0.5218 0.2672 0.6985 0.0288 
1.0000 1.0000 0.9312 0.6985 0.6500 0.7500 1.5135 
0.7500 0.7286 0.6957 0.5218 0.2393 0.5199 0.0417 
0.8333 0.8249 0.8145 0.8008 0.3956 0.7587 0.3584 
0.5000 0.2500 0.1667 0.1250 0.2853 0.1930 0.0006 
1.0000 0.9472 0.8771 0.8089 0.4841 0.9104 0.5938 
0.5000 0.2500 0.1667 0.1250 0.1000 0.5000 0.0000 
0.5000 0.4541 0.3028 0.2271 0.2692 0.4357 0.4470 
1.0000 1.0000 1.0000 1.0000 1.0000 1.0000 1.9402 
0.8750 0.8705 0.8449 0.8009 0.4037 0.7332 0.6392 
0.7500 0.7286 0.6957 0.5218 0.3240 0.7500 0.0595 
1.0000 1.0000 1.0000 1.0000 1.0000 1.0000 1.8889 
0.5841 0.4868 0.3245 0.2434 0.1959 0.5791 0.1559 
0.7500 0.6250 0.4167 0.3125 0.2792 0.7500 0.1195 
0.7788 0.7788 0.7252 0.5440 0.3119 0.6536 1.4113 
0.5000 0.4736 0.4385 0.3289 0.2324 0.5545 0.0019 
0.8333 0.7702 0.6801 0.5101 0.3427 0.8133 0.7665 
1.0000 1.0000 1.0000 1.0000 0.4135 0.8714 0.3517 
0.7500 0.7286 0.6957 0.5218 0.2457 0.6536 0.0294 
0.7500 0.7286 0.6957 0.5218 0.2462 0.5791 0.5690 
0.2500 0.1250 0.0833 0.0625 0.2670 0.1733 0.0244 
0.5000 0.2500 0.1667 0.1250 0.1256 0.3861 0.0000 
0.7500 0.7286 0.6957 0.5218 0.3240 0.7500 0.0766 
0.7500 0.6250 0.4167 0.3125 0.1313 0.4946 0.0828 
0.6000 0.5739 0.5373 0.4030 0.1800 0.4854 0.0628 
0.7143 0.6011 0.4007 0.3006 0.1432 0.3667 0.0098 
0.6000 0.4936 0.3291 0.2468 0.3066 0.4535 0.0466 
0.5841 0.4868 0.3245 0.2434 0.3190 0.6536 0.2718 
1.0000 0.8162 0.6989 0.5242 0.2324 0.5545 0.0386 
1.0000 0.9472 0.8771 0.8089 0.4039 0.8714 0.4827 
1.0000 0.9082 0.8366 0.6275 0.4536 0.7500 0.4747 
1.0000 1.0000 0.6700 0.5027 0.1640 0.6289 0.0109 
0.7500 0.7286 0.6957 0.5218 0.3240 0.7500 0.0692 
1.0000 1.0000 1.0000 0.7500 0.8000 0.7500 0.2885 
0.7500 0.7286 0.6957 0.5218 0.3240 0.7500 0.0778 
1.0000 1.0000 1.0000 1.0000 1.0000 1.0000 2.4318 
1.0000 0.9472 0.8771 0.8089 0.3635 0.7821 0.3702 
1.0000 1.0000 1.0000 1.0000 1.0000 1.0000 0.3850 
0.7500 0.7286 0.6957 0.5218 0.3240 0.7500 0.1613 
0.6667 0.5915 0.5295 0.3972 0.3014 0.7135 0.0171 
0.7500 0.7286 0.6957 0.5218 0.3003 0.6536 0.2162 
0.7500 0.7286 0.6957 0.5218 0.3240 0.7500 1.0637 
1.0000 1.0000 1.0000 1.0000 1.0000 1.0000 2.7940 
0.7500 0.7286 0.6957 0.5218 0.9250 0.7500 1.1223 
1.0000 1.0000 1.0000 1.0000 1.0000 1.0000 2.0215 
1.0000 1.0000 0.9695 0.9039 0.3956 0.7394 0.1796 
0.7500 0.6250 0.4167 0.3125 0.3540 0.7500 0.1032 
0.7500 0.7286 0.4857 0.3643 0.2779 0.3144 0.0847 
0.7500 0.7286 0.6957 0.5218 0.2393 0.5791 0.0319 
0.6065 0.6065 0.4064 0.3049 0.1109 0.2976 0.0025 
0.7500 0.6250 0.4167 0.3125 0.1811 0.4357 0.0044 
0.6065 0.6065 0.5648 0.4236 0.2743 0.6289 0.4759 
0.7500 0.7286 0.6957 0.5218 0.2241 0.5199 0.0155 
1.0000 1.0000 0.9312 0.6985 0.2455 0.5791 0.0647 
1.0000 0.9082 0.8366 0.6275 0.4205 0.7500 1.3633 
0.6000 0.4936 0.3291 0.2468 0.3066 0.4535 0.0923 
1.0000 1.0000 0.6700 0.5027 0.1529 0.4586 0.0430 
1.0000 1.0000 1.0000 1.0000 1.0000 1.0000 0.9515 
0.2500 0.1250 0.0833 0.0625 0.2061 0.2933 0.0451 
0.7500 0.7286 0.6957 0.5218 0.3240 0.7500 1.7402 
0.7500 0.7286 0.4857 0.3643 0.3506 0.5865 0.2514 
0.7500 0.7286 0.6957 0.5218 0.2457 0.6536 0.0675 
1.0000 1.0000 1.0000 1.0000 1.0000 1.0000 0.5334 
1.0000 1.0000 1.0000 1.0000 1.0000 1.0000 2.2117 
0.6000 0.5739 0.5373 0.4030 0.3067 0.6803 0.1330 
1.0000 1.0000 1.0000 1.0000 1.0000 1.0000 0.4905 
0.6667 0.6220 0.4147 0.3110 0.1837 0.4784 0.0640 
0.8000 0.7162 0.6478 0.4859 0.3575 0.8000 1.8264 
0.5000 0.2500 0.1667 0.1250 0.1724 0.4357 0.0000 
0.5000 0.2500 0.1667 0.1250 0.1879 0.2500 0.0045 
1.0000 1.0000 1.0000 1.0000 1.0000 1.0000 2.0570 
0.6667 0.5915 0.5295 0.3972 0.2388 0.6667 0.3034 
0.7500 0.6250 0.4167 0.3125 0.1959 0.4357 0.0809 
0.1116 0.0558 0.0372 0.0279 0.0801 0.2652 0.0000 
0.5000 0.2500 0.1667 0.1250 0.1000 0.5000 0.0001 
0.5000 0.2500 0.1667 0.1250 0.0852 0.3861 0.0000 
0.5000 0.2500 0.1667 0.1250 0.1057 0.5000 0.0001 
0.7143 0.6560 0.5756 0.4317 0.2530 0.6854 0.0484 
0.5000 0.4541 0.3028 0.2271 0.3506 0.5865 0.3308 
1.0000 1.0000 1.0000 1.0000 1.0000 1.0000 4.8307 
0.5000 0.2500 0.1667 0.1250 0.1000 0.5000 0.0001 
1.0000 0.9472 0.9126 0.8517 0.3957 0.7135 0.4377 
0.7500 0.6250 0.4167 0.3125 0.1370 0.4357 0.0069 
0.5000 0.2500 0.1667 0.1250 0.1412 0.5000 0.1264 
0.6667 0.5915 0.5295 0.3972 0.2388 0.6667 0.6179 
0.8333 0.7702 0.7235 0.6769 0.3920 0.8333 3.0753 
0.8333 0.7702 0.7235 0.6769 0.3754 0.8333 1.5363 
0.6667 0.5159 0.3439 0.2580 0.2380 0.5000 0.0020 
1.0000 0.7887 0.5258 0.3943 0.2343 0.5791 0.0336 
0.5000 0.2500 0.1667 0.1250 0.2020 0.5000 0.0002 
0.6667 0.5915 0.5295 0.3972 0.1970 0.6070 0.0102 
0.7500 0.6250 0.4167 0.3125 0.2792 0.7500 0.4408 
0.7500 0.6250 0.4167 0.3125 0.1959 0.5791 0.0786 
0.7500 0.7286 0.6957 0.5218 0.3240 0.7500 0.0576 
0.5000 0.2500 0.1667 0.1250 0.0758 0.4357 0.0001 
0.5000 0.2500 0.1667 0.1250 0.1000 0.5000 0.0131 
0.7500 0.7286 0.6957 0.5218 0.2139 0.4716 0.0037 
0.5000 0.2500 0.1667 0.1250 0.0758 0.4357 0.0001 
1.0000 1.0000 1.0000 1.0000 1.0000 1.0000 3.1786 
1.0000 0.9472 0.9126 0.8833 0.4238 0.8333 1.2187 
0.5000 0.2500 0.1667 0.1250 0.1070 0.5000 0.2486 
0.6667 0.6496 0.6280 0.5980 0.3912 0.7394 0.5318 
1.0000 1.0000 1.0000 1.0000 1.0000 1.0000 5.7485 
1.0000 1.0000 1.0000 1.0000 0.5075 1.0000 0.7149 
0.7500 0.6250 0.4167 0.3125 0.2792 0.7500 0.5503 
0.5000 0.2500 0.1667 0.1250 0.0370 0.2293 0.0021 
0.6065 0.6065 0.4064 0.3049 0.2100 0.6289 0.0168 
0.5000 0.2500 0.1667 0.1250 0.1000 0.5000 0.0000 
0.5000 0.2500 0.1667 0.1250 0.1000 0.5000 0.0000 
1.0000 0.9330 0.8866 0.8417 0.3966 0.8000 0.3947 
1.0000 1.0000 1.0000 1.0000 1.0000 1.0000 0.2892 
1.0000 1.0000 1.0000 1.0000 1.0000 1.0000 1.4048 
0.8333 0.8249 0.7811 0.5858 0.3619 0.6667 0.1549 
1.0000 1.0000 1.0000 0.9602 0.8702 1.0000 1.9550 
0.8333 0.8249 0.7811 0.5858 0.2836 0.6667 0.1686 
0.7500 0.7286 0.6957 0.5218 0.2273 0.5791 0.0227 
1.0000 1.0000 1.0000 1.0000 1.0000 1.0000 1.4134 
1.0000 1.0000 1.0000 1.0000 1.0000 1.0000 0.2489 
1.0000 1.0000 1.0000 1.0000 1.0000 1.0000 2.4084 
0.6667 0.5915 0.5295 0.3972 0.2160 0.5000 0.0082 
0.7500 0.7286 0.6957 0.5218 0.3240 0.7500 2.1920 
0.6667 0.5915 0.5295 0.3972 0.2816 0.6667 0.0266 
0.6667 0.5915 0.5295 0.3972 0.2786 0.6256 0.0281 
1.0000 1.0000 1.0000 1.0000 0.9500 0.8944 1.0049 
0.8571 0.8511 0.8654 0.8789 0.4467 0.8571 1.3848 
0.8333 0.7702 0.7235 0.6769 0.3754 0.8333 2.3599 
0.8333 0.7702 0.7235 0.6769 0.3754 0.8333 2.0673 
0.3679 0.3679 0.2465 0.1850 0.2582 0.6289 0.1537 
0.6000 0.4936 0.3291 0.2468 0.3701 0.6803 0.1626 
1.0000 1.0000 1.0000 0.7579 1.0000 1.0000 2.5281 
1.0000 1.0000 0.9312 0.6985 0.2770 0.5791 0.0522 
1.0000 0.9082 0.8366 0.6275 0.3240 0.7500 0.7536 
1.0000 0.9082 0.8366 0.6275 0.2273 0.5791 0.1950 
0.6065 0.6065 0.6065 0.6065 0.3127 0.6932 0.7407 
0.7500 0.7286 0.6957 0.5218 0.3240 0.7500 0.0993 
0.5000 0.2500 0.1667 0.1250 0.0825 0.4357 0.0000 
0.8333 0.7702 0.7235 0.6769 0.3754 0.8333 2.7532 
0.7500 0.7286 0.6957 0.5218 0.1751 0.4716 0.0063 
1.0000 1.0000 1.0000 1.0000 1.0000 1.0000 4.6332 
0.8333 0.7702 0.6801 0.5101 0.2626 0.7135 0.4326 
0.5000 0.2500 0.1667 0.1250 0.0702 0.3861 0.0001 
0.5000 0.2500 0.1667 0.1250 0.1000 0.5000 0.0001 
0.1839 0.0920 0.0613 0.0460 0.0541 0.3144 0.0000 
0.8000 0.7873 0.7705 0.7450 0.3966 0.8000 0.4368 
0.4000 0.3581 0.2387 0.1791 0.1882 0.4535 0.0256 
0.6667 0.5915 0.5295 0.3972 0.2160 0.5571 0.0157 
1.0000 1.0000 1.0000 1.0000 1.0000 1.0000 0.6499 
0.8333 0.8249 0.8145 0.8008 0.4238 0.8333 0.6662 
0.7500 0.7286 0.6957 0.5218 0.2457 0.6536 0.2255 
1.0000 1.0000 0.6700 0.5027 0.2316 0.6289 0.1316 
0.8333 0.7702 0.7235 0.6769 0.3912 0.8333 2.9617 
1.0000 1.0000 0.9312 0.6985 0.2273 0.5791 0.0226 
1.0000 1.0000 1.0000 1.0000 1.0000 1.0000 0.8404 
0.7500 0.6250 0.4167 0.3125 0.2203 0.5000 0.0001 
1.0000 1.0000 1.0000 1.0000 1.0000 1.0000 1.5397 
1.0000 0.7887 0.5258 0.3943 0.3268 0.5791 0.1569 
1.0000 1.0000 0.6700 0.5027 0.1769 0.6289 0.1512 
0.5000 0.2500 0.1667 0.1250 0.1000 0.5000 0.0001 
0.4777 0.4457 0.2971 0.2228 0.1137 0.4784 0.0386 
1.0000 1.0000 1.0000 1.0000 1.0000 1.0000 4.6072 
0.3333 0.1667 0.1111 0.0833 0.0597 0.3333 0.0473 
0.6667 0.5915 0.5295 0.3972 0.2324 0.5545 0.0045 
0.8571 0.8511 0.8440 0.8353 0.4985 0.8592 0.9098 
0.7500 0.6585 0.5973 0.5436 0.3713 0.7176 0.0437 
0.6667 0.5915 0.5295 0.3972 0.2324 0.6256 0.0372 
0.8571 0.8065 0.7710 0.7391 0.3987 0.8571 3.2103 
1.0000 0.9564 0.9022 0.8534 0.4186 0.7801 0.9206 
1.0000 1.0000 1.0000 1.0000 1.0000 1.0000 0.2771 
0.8333 0.7053 0.4702 0.3527 0.2425 0.4552 0.5426 
1.0000 1.0000 1.0000 0.7500 0.3294 0.7500 0.7388 
0.6000 0.4936 0.3291 0.2468 0.1504 0.4000 0.0567 
0.7500 0.6250 0.4167 0.3125 0.7250 0.7500 0.0184 
1.0000 0.9472 0.8264 0.6198 0.3754 0.8333 1.4569 
0.7500 0.7286 0.6957 0.5218 0.2457 0.6536 0.2843 
0.8333 0.7702 0.7235 0.6769 0.3912 0.8333 4.5147 
1.0000 1.0000 0.9312 0.6985 0.2964 0.6536 0.1818 
0.8333 0.7702 0.6801 0.5101 0.3014 0.7821 0.1085 
0.5000 0.2500 0.1667 0.1250 0.0758 0.4357 0.0000 
0.5000 0.2500 0.1667 0.1250 0.1724 0.5000 0.0000 
0.8333 0.7702 0.7235 0.6769 0.3619 0.7587 0.0828 
1.0000 0.7887 0.5258 0.3943 0.2456 0.6536 0.1036 
1.0000 1.0000 0.9312 0.6985 0.2203 0.5791 0.0398 
1.0000 1.0000 1.0000 1.0000 0.3330 0.8356 0.5498 
0.6000 0.5739 0.5373 0.4030 0.2821 0.4854 0.2974 
0.7500 0.7286 0.6957 0.5218 0.2457 0.6536 0.0046 
0.7500 0.7286 0.6957 0.5218 0.3240 0.7500 0.3237 
0.7500 0.7286 0.6957 0.5218 0.2457 0.6536 0.1093 
0.6065 0.6065 0.4064 0.3049 0.1640 0.4040 0.1856 
0.3679 0.3679 0.2465 0.1850 0.1769 0.4586 0.6529 
1.0000 1.0000 1.0000 1.0000 1.0000 1.0000 1.8187 
1.0000 1.0000 0.8767 0.6575 0.3754 0.8333 1.3426 
0.7500 0.7286 0.6957 0.5218 0.2273 0.5791 0.0439 
0.5000 0.2500 0.1667 0.1250 0.2539 0.3547 0.0582 
0.7500 0.6250 0.4167 0.3125 0.2792 0.7500 0.2801 
1.0000 1.0000 1.0000 1.0000 0.4789 0.9104 0.3250 
0.7500 0.3750 0.2500 0.1875 0.1517 0.5000 0.0287 
0.7500 0.7286 0.6957 0.5218 0.2672 0.6985 0.0376 
0.3679 0.3679 0.2465 0.1850 0.2316 0.5304 0.9393 
0.2500 0.1250 0.0833 0.0625 0.1879 0.1930 0.0092 
0.7500 0.7286 0.6957 0.5218 0.3240 0.7500 0.0834 
1.0000 1.0000 1.0000 1.0000 0.2582 0.6289 0.1629 
0.0000 0.0000 0.0000 0.0000 0.2386 0.0000 0.0000 
0.7500 0.6250 0.4167 0.3125 0.2275 0.5000 0.0036 
0.8333 0.7702 0.7235 0.6769 0.3754 0.8333 2.0986 
0.8333 0.7702 0.7235 0.6769 0.3754 0.8333 2.3923 
1.0000 1.0000 1.0000 1.0000 1.0000 1.0000 1.1071 
1.0000 1.0000 1.0000 1.0000 1.0000 1.0000 0.3142 
1.0000 1.0000 1.0000 1.0000 1.0000 1.0000 0.4324 
0.5000 0.2500 0.1667 0.1250 0.1003 0.5000 0.0001 
1.0000 1.0000 1.0000 1.0000 1.0000 1.0000 4.5096 
0.6667 0.5915 0.5295 0.3972 0.2003 0.6256 0.0070 
0.6065 0.6065 0.4064 0.3049 0.2582 0.6289 0.2241 
1.0000 1.0000 1.0000 1.0000 1.0000 1.0000 3.7684 
0.0000 0.0000 0.0000 0.0000 0.1605 0.0000 0.0000 
0.7500 0.3750 0.2500 0.1875 0.0870 0.5000 0.0002 
0.7500 0.7286 0.6957 0.5218 0.1970 0.5791 0.0269 
0.7500 0.7286 0.6957 0.5218 0.3240 0.7500 0.0362 
0.8333 0.7702 0.6801 0.5101 0.2396 0.7262 0.0333 
0.7500 0.7286 0.6957 0.5218 0.2116 0.5199 0.0695 
0.8333 0.7702 0.6801 0.5101 0.3326 0.6667 0.0207 
0.5000 0.2500 0.1667 0.1250 0.0741 0.1572 0.0032 
0.7500 0.6250 0.4167 0.3125 0.1509 0.5791 0.0152 
0.6065 0.6065 0.4064 0.3049 0.2917 0.7722 0.2181 
1.0000 1.0000 1.0000 1.0000 1.0000 1.0000 3.9578 
0.7500 0.6250 0.4167 0.3125 0.2792 0.7500 0.5911 
1.0000 1.0000 1.0000 1.0000 1.0000 1.0000 1.2811 
1.0000 1.0000 1.0000 1.0000 1.0000 1.0000 2.0312 
1.0000 1.0000 1.0000 1.0000 1.0000 1.0000 1.1844 
1.0000 1.0000 1.0000 1.0000 1.0000 1.0000 0.3087 
1.0000 1.0000 1.0000 1.0000 1.0000 1.0000 0.4999 
0.5000 0.2500 0.1667 0.1250 0.0616 0.2574 0.0000 
1.0000 1.0000 1.0000 1.0000 1.0000 1.0000 3.9196 
1.0000 1.0000 1.0000 1.0000 1.0000 1.0000 2.6109 
0.5000 0.2500 0.1667 0.1250 0.2457 0.5000 0.0001 
0.1839 0.0920 0.0613 0.0460 0.0541 0.3144 0.0082 
0.5000 0.2500 0.1667 0.1250 0.3628 0.2933 0.3057 
0.3894 0.1947 0.1298 0.0974 0.1199 0.3861 0.0000 
0.7788 0.7788 0.7788 0.7788 0.3561 0.7176 1.0729 
0.6667 0.5159 0.3439 0.2580 0.2168 0.6667 1.3518 
0.8000 0.7162 0.6478 0.4859 0.3474 0.8000 1.0240 
0.4777 0.4457 0.2971 0.2228 0.2466 0.5571 0.2489 
1.0000 1.0000 1.0000 1.0000 0.4135 0.8714 0.9484 
1.0000 1.0000 1.0000 1.0000 1.0000 1.0000 2.4500 
0.8333 0.7053 0.6158 0.4619 0.1868 0.5000 0.0165 
0.8333 0.7702 0.7235 0.6769 0.3754 0.8333 3.1701 
0.7500 0.7286 0.6957 0.5218 0.3506 0.6985 1.8020 
1.0000 0.9082 0.6055 0.4541 0.3506 0.6985 0.2102 
0.5000 0.2500 0.1667 0.1250 0.1137 0.5000 0.0000 
1.0000 1.0000 1.0000 1.0000 0.3561 0.7722 1.4473 
1.0000 1.0000 1.0000 1.0000 1.0000 1.0000 2.8172 
1.0000 1.0000 1.0000 1.0000 1.0000 1.0000 3.0815 
1.0000 1.0000 1.0000 1.0000 1.0000 1.0000 2.1115 
0.8000 0.7162 0.6478 0.4859 0.2417 0.5908 0.0846 
1.0000 1.0000 1.0000 1.0000 1.0000 1.0000 0.3656 
0.5841 0.5674 0.5418 0.4064 0.2273 0.5791 0.0366 
1.0000 1.0000 0.9695 0.9039 0.4129 0.8333 2.3777 
1.0000 1.0000 1.0000 1.0000 1.0000 1.0000 0.3011 
0.4000 0.2000 0.1333 0.1000 0.3066 0.4535 0.1561 
0.6667 0.6496 0.6280 0.5980 0.3912 0.7394 0.6312 
0.7500 0.7286 0.6957 0.5218 0.3240 0.7500 0.0839 
0.6667 0.5915 0.5295 0.3972 0.2388 0.6667 0.1198 
0.6667 0.5159 0.3439 0.2580 0.1751 0.5000 0.0078 
1.0000 1.0000 1.0000 1.0000 1.0000 1.0000 4.3942 
0.3679 0.3679 0.2465 0.1850 0.2316 0.5304 0.1526 
1.0000 1.0000 1.0000 1.0000 1.0000 1.0000 4.8526 
1.0000 1.0000 0.6700 0.5027 0.1431 0.6289 0.0588 
1.0000 1.0000 1.0000 1.0000 0.3561 0.6932 1.9862 
0.7500 0.6250 0.4167 0.3125 0.1970 0.5000 0.1068 
0.6000 0.5739 0.5373 0.4030 0.2041 0.4854 0.0551 
0.7500 0.7286 0.6957 0.5218 0.2457 0.6536 0.0053 
0.7500 0.7286 0.6957 0.5218 0.7250 0.7500 0.0973 
0.7500 0.7286 0.6957 0.5218 0.2626 0.5791 0.5267 
1.0000 1.0000 0.6700 0.5027 0.2917 0.7722 0.1205 
0.8000 0.7162 0.6478 0.4859 0.4620 0.5908 1.1121 
0.6667 0.5915 0.5295 0.3972 0.2160 0.5000 0.0493 
0.7143 0.6560 0.5756 0.4317 0.2359 0.6854 0.0338 
0.5000 0.4541 0.3028 0.2271 0.4453 0.5865 0.2578 
0.7500 0.7286 0.6957 0.5218 0.2203 0.5791 0.0078 
0.7500 0.7286 0.6957 0.5218 0.3240 0.7500 0.3056 
0.7500 0.7286 0.6957 0.5218 0.3240 0.7500 0.2021 
1.0000 0.7887 0.5258 0.3943 0.2792 0.7500 0.0797 
0.6065 0.6065 0.4064 0.3049 0.2582 0.6289 0.1136 
0.7500 0.3750 0.2500 0.1875 0.2539 0.4357 0.0111 
1.0000 1.0000 1.0000 0.7579 0.4430 0.8356 2.2013 
0.6667 0.5159 0.3439 0.2580 0.2380 0.6070 1.1837 
0.8000 0.7873 0.5249 0.3937 0.3767 0.6376 0.1510 
0.6667 0.5915 0.5295 0.3972 0.2160 0.5000 0.0050 
0.7500 0.6250 0.4167 0.3125 0.2117 0.6536 0.2806 
1.0000 0.9330 0.8320 0.6240 0.3474 0.8000 0.1230 
0.3333 0.1667 0.1111 0.0833 0.2096 0.3333 0.0000 
0.5000 0.2500 0.1667 0.1250 0.1401 0.4150 0.0000 
0.7500 0.7286 0.6957 0.5218 0.2457 0.6536 0.0771 
0.6000 0.3000 0.2000 0.1500 0.2545 0.6376 0.0895 
0.8333 0.8249 0.8145 0.8008 0.3956 0.8133 0.2694 
0.3333 0.1667 0.1111 0.0833 0.0930 0.4150 0.0000 
1.0000 1.0000 1.0000 1.0000 1.0000 1.0000 1.0686 
0.7500 0.6250 0.4167 0.3125 0.1959 0.5000 0.1567 
0.7500 0.7286 0.6957 0.5218 0.2457 0.6536 0.2166 
0.3679 0.3679 0.2465 0.1850 0.1920 0.5304 0.1319 
0.5000 0.2500 0.1667 0.1250 0.1000 0.5000 0.0001 
0.5000 0.2500 0.1667 0.1250 0.0758 0.4357 0.0002 
1.0000 1.0000 1.0000 0.7500 0.3786 0.6536 0.4290 
0.5000 0.2500 0.1667 0.1250 0.1674 0.2500 0.0000 
1.0000 0.8162 0.6989 0.5242 0.4058 0.6224 0.2243 
1.0000 1.0000 1.0000 0.7500 0.3622 0.8714 1.9616 
0.6667 0.5915 0.5295 0.3972 0.2773 0.6667 0.0144 
0.5000 0.4736 0.4385 0.3289 0.2160 0.5000 0.0063 
0.8333 0.7702 0.6801 0.5101 0.3170 0.6667 0.4536 
1.0000 0.9082 0.8366 0.6275 0.3240 0.7500 0.0415 
1.0000 1.0000 1.0000 1.0000 1.0000 1.0000 0.4147 
1.0000 1.0000 0.6700 0.5027 0.2917 0.7722 0.1997 
0.5000 0.4081 0.2721 0.2041 0.2222 0.5000 0.0244 
1.0000 1.0000 1.0000 0.9602 0.3966 0.8000 0.2683 
0.7500 0.7286 0.6957 0.5218 0.2457 0.6536 0.0536 
1.0000 1.0000 1.0000 1.0000 1.0000 1.0000 3.0825 
1.0000 1.0000 1.0000 1.0000 1.0000 1.0000 1.3689 
1.0000 1.0000 1.0000 1.0000 1.0000 1.0000 0.9377 
1.0000 1.0000 1.0000 1.0000 1.0000 1.0000 2.1907 
0.7500 0.6250 0.4167 0.3125 0.2792 0.7500 0.0436 
0.5000 0.2500 0.1667 0.1250 0.1000 0.5000 0.0001 
0.7500 0.6250 0.4167 0.3125 0.2672 0.5865 0.2784 
0.7500 0.6250 0.4167 0.3125 0.2792 0.7500 1.7606 
0.5000 0.2500 0.1667 0.1250 0.1000 0.5000 0.0000 
1.0000 0.9472 0.8771 0.6578 0.4373 0.8944 1.4675 
1.0000 1.0000 1.0000 1.0000 1.0000 1.0000 2.7938 
0.7500 0.7286 0.6957 0.5218 0.1751 0.4946 0.0109 
0.1839 0.0920 0.0613 0.0460 0.0541 0.3144 0.0000 
1.0000 1.0000 1.0000 1.0000 1.0000 1.0000 0.4760 
1.0000 1.0000 1.0000 0.7500 0.5075 0.8798 1.1789 
0.2500 0.1250 0.0833 0.0625 0.1023 0.1439 0.0025 
0.8333 0.7702 0.7235 0.6769 0.3635 0.6667 0.8178 
0.7500 0.6250 0.4167 0.3125 0.2457 0.5000 0.0106 
0.5000 0.2500 0.1667 0.1250 0.0768 0.3144 0.0000 
1.0000 1.0000 1.0000 1.0000 1.0000 1.0000 3.8034 
0.7500 0.7286 0.6957 0.5218 0.2273 0.5791 0.0199 
1.0000 1.0000 1.0000 1.0000 0.4087 0.8133 0.5760 
1.0000 1.0000 1.0000 1.0000 1.0000 1.0000 2.6620 
0.7500 0.7286 0.6957 0.5218 0.3240 0.7500 0.0432 
0.7500 0.6250 0.4167 0.3125 0.2792 0.7500 1.8130 
1.0000 0.9472 0.8771 0.8089 0.9500 0.8333 0.7769 
0.8333 0.8249 0.8145 0.8008 0.4238 0.8333 0.2861 
0.8333 0.7702 0.6801 0.5101 0.3014 0.7821 0.1196 
0.7500 0.6250 0.4167 0.3125 0.1823 0.5199 0.0143 
0.5841 0.5674 0.5418 0.4064 0.2496 0.5791 0.1238 
0.8333 0.7702 0.7235 0.6769 0.4312 0.7394 0.2203 
1.0000 1.0000 0.9312 0.6985 0.3240 0.7500 0.0629 
0.7500 0.7286 0.6957 0.5218 0.3240 0.7500 0.1137 
0.7500 0.7286 0.6957 0.5218 0.3240 0.7500 1.0409 
0.6667 0.5915 0.5295 0.3972 0.1936 0.5000 0.2181 
1.0000 1.0000 1.0000 1.0000 0.3720 0.6932 0.5909 
0.5000 0.2500 0.1667 0.1250 0.1000 0.5000 0.0001 
0.6000 0.3000 0.2000 0.1500 0.1893 0.5367 0.0545 
1.0000 1.0000 1.0000 1.0000 1.0000 1.0000 0.5417 
0.8333 0.8249 0.7811 0.5858 0.3956 0.6667 0.6323 
0.7500 0.7286 0.6957 0.5218 0.1676 0.4316 0.0164 
0.7500 0.6250 0.4167 0.3125 0.1959 0.5791 0.0945 
1.0000 1.0000 1.0000 1.0000 1.0000 1.0000 0.3262 
1.0000 1.0000 1.0000 1.0000 1.0000 1.0000 0.3454 
0.8750 0.7911 0.7108 0.6399 0.4685 0.8798 1.4422 
1.0000 0.8162 0.6989 0.5242 0.2298 0.6435 0.2296 
0.7143 0.6560 0.5756 0.4317 0.2359 0.6240 0.0762 
0.7500 0.6250 0.4167 0.3125 0.2792 0.7500 0.0778 
0.5000 0.2500 0.1667 0.1250 0.1277 0.5000 0.0001 
0.8333 0.8249 0.8145 0.8008 0.4238 0.8333 1.3583 
1.0000 0.7887 0.5258 0.3943 0.8000 0.6985 0.1410 
0.6667 0.5915 0.5295 0.3972 0.3014 0.7135 0.0135 
0.0000 0.0000 0.0000 0.0000 0.0000 0.0000 0.0000 
1.0000 1.0000 0.6700 0.5027 0.1640 0.6289 0.1346 
0.2500 0.1250 0.0833 0.0625 0.2371 0.2933 0.0620 
1.0000 0.9472 0.8771 0.8089 0.4937 0.9242 4.2482 
0.7500 0.7286 0.4857 0.3643 0.2462 0.5791 0.1765 
0.7500 0.7286 0.6957 0.5218 0.3240 0.7500 1.4407 
0.8571 0.6958 0.4639 0.3479 0.2074 0.5270 0.1616 
0.7500 0.6250 0.4167 0.3125 0.2117 0.6536 0.0971 
1.0000 1.0000 1.0000 1.0000 0.8000 0.8356 0.6499 
0.6667 0.6496 0.6280 0.5980 0.3912 0.7394 0.5645 
0.1839 0.0920 0.0613 0.0460 0.0541 0.3144 0.0000 
1.0000 0.7887 0.5258 0.3943 0.3720 0.5000 0.0970 
0.6000 0.4936 0.3291 0.2468 0.1327 0.3236 0.0067 
0.5841 0.4868 0.3245 0.2434 0.1676 0.3861 0.1049 
0.7500 0.6250 0.4167 0.3125 0.0758 0.4357 0.0003 
1.0000 1.0000 1.0000 1.0000 1.0000 1.0000 5.1831 
0.7500 0.7286 0.6957 0.5218 0.3240 0.7500 0.0041 
0.5000 0.2500 0.1667 0.1250 0.1218 0.4357 0.0001 
1.0000 1.0000 1.0000 1.0000 1.0000 1.0000 2.6117 
0.8000 0.7873 0.7705 0.7450 0.3966 0.8000 0.1410 
0.7500 0.7286 0.6957 0.5218 0.2273 0.5791 0.3383 
0.7500 0.7286 0.6957 0.5218 0.7401 0.6985 0.0327 
0.8333 0.8249 0.8145 0.7706 0.3619 0.6667 0.3458 
0.3679 0.3679 0.2465 0.1850 0.1529 0.4586 0.6086 
0.8333 0.7702 0.6801 0.5101 0.3619 0.6667 0.0886 
1.0000 1.0000 0.9579 0.7184 0.3299 0.6685 0.5646 
1.0000 1.0000 1.0000 1.0000 1.0000 1.0000 1.2961 
0.4000 0.2000 0.1333 0.1000 0.2263 0.4535 0.0476 
0.5000 0.2500 0.1667 0.1250 0.2221 0.5000 0.0002 
0.7500 0.7286 0.6957 0.5218 0.3003 0.5791 0.0271 
1.0000 1.0000 0.9312 0.6985 0.4147 0.7500 1.1209 
1.0000 1.0000 1.0000 1.0000 1.0000 1.0000 0.8663 
0.8333 0.7702 0.7235 0.6769 0.3956 0.6667 0.5033 
0.7500 0.7286 0.6957 0.5218 0.3095 0.6536 0.0708 
1.0000 1.0000 0.6700 0.5027 0.1431 0.6289 0.1068 
1.0000 1.0000 1.0000 1.0000 1.0000 1.0000 0.3541 
1.0000 1.0000 1.0000 1.0000 1.0000 1.0000 3.0978 
1.0000 1.0000 1.0000 1.0000 1.0000 1.0000 0.3147 
0.6000 0.4936 0.3291 0.2468 0.1885 0.5367 0.0164 
1.0000 1.0000 1.0000 1.0000 1.0000 1.0000 0.8943 
0.8333 0.7702 0.6801 0.5101 0.3086 0.7262 1.1575 
0.3033 0.1516 0.1011 0.0758 0.0611 0.3861 0.0000 
0.5841 0.5674 0.5418 0.4064 0.2273 0.5791 0.0436 
1.0000 0.5000 0.3333 0.2500 0.7961 0.5865 0.8430 
0.5000 0.4081 0.2721 0.2041 0.1855 0.4150 0.0008 
1.0000 0.9082 0.8366 0.6275 0.3003 0.6536 0.3942 
0.8571 0.7559 0.6891 0.6306 0.2990 0.7349 0.9927 
1.0000 0.9082 0.8366 0.6275 0.2457 0.6536 0.0651 
0.7500 0.7286 0.6957 0.5218 0.2682 0.5791 0.7949 
0.7500 0.6250 0.4167 0.3125 0.1539 0.3861 0.0045 
0.6667 0.5915 0.5295 0.3972 0.2168 0.6667 0.2478 
0.7500 0.6250 0.4167 0.3125 0.2269 0.6536 0.0303 
0.5000 0.2500 0.1667 0.1250 0.1171 0.3466 0.0000 
1.0000 1.0000 0.9695 0.9374 0.4238 0.8333 0.2897 
1.0000 1.0000 1.0000 1.0000 1.0000 1.0000 1.8163 
0.7500 0.7286 0.6957 0.5218 0.2831 0.6536 0.0684 
1.0000 1.0000 1.0000 1.0000 0.4076 0.8714 1.4449 
0.7500 0.7286 0.6957 0.5218 0.2457 0.6536 0.0642 
1.0000 1.0000 1.0000 1.0000 1.0000 1.0000 1.3918 
1.0000 1.0000 1.0000 1.0000 0.3224 0.8356 0.7023 
1.0000 1.0000 1.0000 1.0000 1.0000 1.0000 2.3433 
0.7500 0.6250 0.4167 0.3125 0.8000 0.7500 0.0624 
0.7500 0.6250 0.4167 0.3125 0.2792 0.7500 0.1500 
0.8000 0.6236 0.4157 0.3118 0.1737 0.4633 0.0183 
0.7500 0.7286 0.6957 0.5218 0.2273 0.5791 0.0026 
1.0000 1.0000 1.0000 1.0000 1.0000 1.0000 1.5326 
0.3679 0.3679 0.2465 0.1850 0.0898 0.3609 0.0008 
0.5000 0.2500 0.1667 0.1250 0.1000 0.5000 0.0001 
1.0000 1.0000 1.0000 1.0000 1.0000 1.0000 4.2371 
0.6667 0.5159 0.3439 0.2580 0.1904 0.3466 0.0014 
0.4000 0.3581 0.2387 0.1791 0.1129 0.2717 0.0004 
1.0000 1.0000 1.0000 1.0000 1.0000 1.0000 3.5408 
0.5000 0.2500 0.1667 0.1250 0.0738 0.4357 0.0001 
0.3333 0.1667 0.1111 0.0833 0.2424 0.3333 0.0882 
1.0000 1.0000 1.0000 0.7500 0.8242 0.6985 0.9033 
0.6667 0.5159 0.3439 0.2580 0.2310 0.6070 0.0718 
0.6667 0.6496 0.6280 0.5980 0.3635 0.6667 0.3907 
0.7500 0.7286 0.6957 0.5218 0.3240 0.7500 1.2996 
0.7500 0.6250 0.4167 0.3125 0.2003 0.4946 0.0128 
1.0000 1.0000 1.0000 1.0000 1.0000 1.0000 0.2796 
1.0000 0.8536 0.7525 0.5644 0.2462 0.6000 0.1298 
1.0000 1.0000 1.0000 1.0000 1.0000 1.0000 1.9539 
0.6667 0.5159 0.3439 0.2580 0.2003 0.5545 0.1370 
0.7500 0.7286 0.6957 0.5218 0.2388 0.5791 0.0162 
1.0000 1.0000 1.0000 1.0000 1.0000 1.0000 1.3550 
1.0000 1.0000 1.0000 1.0000 1.0000 1.0000 2.1886 
0.7500 0.7286 0.6957 0.5218 0.2162 0.4946 0.0165 
0.5000 0.2500 0.1667 0.1250 0.1333 0.5000 0.0001 
0.8750 0.7437 0.6625 0.5963 0.2815 0.6250 0.0720 
1.0000 1.0000 1.0000 1.0000 1.0000 1.0000 2.3845 
0.7500 0.7286 0.6957 0.5218 0.9250 0.7500 1.9442 
1.0000 1.0000 1.0000 1.0000 0.3827 0.8356 1.7683 
0.4000 0.3581 0.2387 0.1791 0.1737 0.4000 0.0057 
0.5000 0.4541 0.3028 0.2271 0.2672 0.5865 0.3718 
0.5841 0.4868 0.3245 0.2434 0.1676 0.4357 0.0113 
0.7500 0.7286 0.6957 0.5218 0.3240 0.7500 0.3056 
0.6667 0.6220 0.4147 0.3110 0.1911 0.6667 0.1100 
0.3275 0.1637 0.1092 0.0819 0.1290 0.3578 0.0278 
1.0000 1.0000 1.0000 1.0000 0.2787 0.7176 1.3511 
1.0000 1.0000 1.0000 1.0000 1.0000 1.0000 2.9569 
0.8571 0.7559 0.6509 0.4882 0.4612 0.6649 0.9175 
0.5000 0.2500 0.1667 0.1250 0.0717 0.3697 0.0010 
0.7500 0.7286 0.6957 0.5218 0.2457 0.6536 0.0186 
0.7500 0.6250 0.4167 0.3125 0.4205 0.5865 0.6117 
0.3679 0.3679 0.2465 0.1850 0.1920 0.5304 0.1145 
0.7500 0.7286 0.6957 0.5218 0.2457 0.6536 0.0543 
0.6000 0.4936 0.3291 0.2468 0.1737 0.4000 0.0085 
1.0000 1.0000 1.0000 1.0000 1.0000 1.0000 3.2050 
1.0000 0.9082 0.6055 0.4541 0.3268 0.8356 1.0161 
0.7500 0.3750 0.2500 0.1875 0.1057 0.4357 0.0044 
0.6667 0.5915 0.5295 0.3972 0.3956 0.6667 0.1082 
1.0000 1.0000 1.0000 1.0000 1.0000 1.0000 4.0447 
0.5000 0.2500 0.1667 0.1250 0.1000 0.5000 0.0000 
1.0000 1.0000 1.0000 1.0000 1.0000 1.0000 3.2402 
0.7788 0.7788 0.7788 0.7788 0.3561 0.6932 1.2275 
0.6667 0.5159 0.3439 0.2580 0.2168 0.6667 0.4958 
0.6000 0.3000 0.2000 0.1500 0.1787 0.4535 0.0240 
1.0000 1.0000 1.0000 1.0000 0.8242 0.8356 0.4280 
0.7500 0.7286 0.6957 0.5218 0.2457 0.6536 0.0728 
1.0000 1.0000 1.0000 0.7500 0.4060 0.8356 0.6953 
1.0000 1.0000 1.0000 1.0000 1.0000 1.0000 2.2582 
1.0000 0.9330 0.8866 0.8417 0.3525 0.7155 1.2426 
0.5000 0.2500 0.1667 0.1250 0.2567 0.1930 0.0016 
0.7500 0.6250 0.4167 0.3125 0.2117 0.6536 0.4349 
1.0000 1.0000 0.9312 0.6985 0.8000 0.7500 0.9354 
1.0000 0.8873 0.8147 0.7516 0.3912 0.8133 0.7096 
1.0000 0.9472 0.9126 0.8517 0.3635 0.7135 1.4465 
1.0000 1.0000 1.0000 1.0000 0.3827 0.7722 2.2151 

